N(
	(
		(0,0),
		(0.3,0.2)
	),
	(
		(1,0.2),
		Curve:0.2,
		(0,1)
	)
),
Wa(
	(
		(0,0),
		(0,0.5)		
	),
	(
		(0,0),
		(1,0),
		Curve:0.5,
		(0.2,1)
	)
),
1(
	(
		(0,0),
		(1,0)
	)
),
2(
	(
		(0.1,0),
		(0.9,0)
	),
	(
		(0,1),
		(1,1)
	)
),
3(
	(
		(0.1,0),
		(0.9,0)
	),
	(
		(0.2,0.5),
		(0.8,0.5)
	),
	(
		(0,1),
		(1,1)
	)
),
4(
	(
		(0,0),
		(0,1)
	),
	(
		(0,0),
		(1,0),
		(1,1)
	),
	(
		(0.3,0),
		Curve:0.5,
		(0,0.5)
	),
	(
		(0.6,0),
		(0.6,0.5),
		(1,0.5)
	),
	(
		(0,1),
		(1,1)
	)
),
5(
	(
		(0,0),
		(0.8,0)
	),
	(
		(0.35,0),
		(0.2,1)
	),
	(
		(0,0.5),
		(0.7,0.5),
		(0.65,1)
	),
	(
		(0,1),
		(1,1)
	)
),
6(
	(
		(0.5,0),
		(0.5,0.3)
	),
	(
		(0,0.3),
		(1,0.3)
	),
	(
		(0.3,0.45),
		(0,1)
	),
	(
		(0.6,0.45),
		(0.9,1)
	)
),
7(
	(
		(0,0.5),
		(1,0.3)
	),
	(
		(0.35,0),
		(0.35,1),
		(1,1)
	)
),
8(
	(
		(0.4,0.2),
		Curve:0.3,
		(0,1)
	),
	(
		(0.5,0),
		Curve:-0.3,
		(1,1)
	)
),
9(
	(
		(0.35,0),
		Curve:0.3,
		(0,1)
	),
	(
		(0,0.4),
		(0.65,0.3),
		(0.5,1),
		(1,1)
	)
),
10(

	(
		(0,0.4),
		(0.8,0.4)
	),
	(
		(0.4,0),
		(0.4,1)
	)
),
mouth(
	(
		(0,0),
		(0,1)
	),
	(
		(0,0),
		(1,0),
		(1,1)
	),
	(
		(0,1),
		(1,1)
	)
),
day(
	(
		(0,0),
		(0,1)
	),
	(
		(0,0),
		(0.5,0),
		(0.5,1)
	),
	(
		(0,0.5),
		(0.5,0.5)
	),
	(
		(0,1),
		(0.5,1)
	)
),
month(
	(
		(0.2,0),
		(0.2,0.6),
		Curve:0.3,
		(0,1)
	),
	(
		(0.2,0),
		(0.7,0),
		(0.7,1),
		(0.6,1)
	),
	(
		(0.2,0.3),
		(0.7,0.3)
	),
	(
		(0.2,0.6),
		(0.7,0.6)
	)
),
rice(
	(
		(0,0),
		(0,1)
	),
	(
		(0,0),
		(1,0),
		(1,1)
	),
	(
		(0.5,0),
		(0.5,1)
	),
	(
		(0,0.5),
		(1,0.5)
	),
	(
		(0,1),
		(1,1)
	)
),
eye(
	(
		(0,0),
		(0,1)
	),
	(
		(0,0),
		(0.5,0),
		(0.5,1)
	),
	(
		(0,0.33),
		(0.5,0.33)
	),
	(
		(0,0.67),
		(0.5,0.67)
	),
	(
		(0,1),
		(0.5,1)
	)
)